-- BK Whopper
(1,1,2),
(1,6,1),
(1,21,1),
(1,18,1),
(1,23,1),
(1,22,1),
-- BK Whopper Vegetal
(2,1,2),
(2,12,1),
(2,21,1),
(2,18,1),
(2,23,1),
(2,22,1),
-- BK Whopper Jr.
(3,1,2),
(3,2,1),
(3,21,1),
(3,18,1),
(3,23,1),
(3,22,1),
-- BK Big King
(4,1,3),
(4,3,2),
(4,18,1),
(4,21,1),
(4,23,1),
(4,24,1),
-- BK Crispy Chicken
(5,1,2),
(5,11,1),
(5,21,1),
(5,22,1),
-- Mc Big Mac
(6,1,3),
(6,3,2),
(6,16,1),
(6,21,1),
(6,23,1),
(6,24,1),
-- Mc Cuarto de Libra
(7,1,2),
(7,4,1),
(7,15,2),
(7,18,1),
(7,23,1),
-- Mc McPollo
(8,1,2),
(8,10,1),
(8,21,1),
-- Mc CBO
(9,1,2),
(9,10,1),
(9,16,1),
(9,25,1),
(9,20,1),
(9,24,1),
-- Mc McFish
(10,1,2),
(10,13,1),
-- TGB TGB Burger
(11,1,2),
(11,4,1),
(11,15,1),
(11,25,1),
(11,21,1),
(11,22,1),
-- TGB BBQ Burger
(12,1,2),
(12,4,1),
(12,15,1),
(12,25,1),
(12,20,1),
-- TGB Pollo Crunchy
(13,1,2),
(13,11,1),
(13,15,1),
(13,21,1),
(13,22,1),

-- TGB 50 Shades
(14,1,2),
(14,4,1),
(14,15,1),
(14,25,1),
(14,20,1),
-- TGB BLT Burger
(15,1,2),
(15,10,1),
(15,25,1),
(15,21,1),
(15,22,1),
-- Goiko Smash
(16,1,2),
(16,3,2),
(16,25,2),
(16,16,2),
(16,18,1),
-- Goiko Kevin Costner
(17,1,2),
(17,3,1),
(17,14,1),
(17,25,2),
(17,20,1),
(17,16,1),
-- Goiko M-30
(18,1,2),
(18,3,1),
(18,19,1),
(18,17,1),
-- Goiko Yankee
(19,1,2),
(19,3,1),
(19,14,1),
(19,18,1),
(19,21,1),
(19,16,1),
-- Goiko Edamami
(20,1,2),
(20,12,1),
(20,26,1),
(20,19,1),
(20,22,1),
(20,21,1),
-- CsJr Famous Star
(21,1,2),
(21,3,1),
(21,15,1),
(21,21,1),
(21,22,1),
(21,18,1),
(21,23,1),
(21,24,1),
-- CsJr Super Star
(22,1,2),
(22,3,2),
(22,15,1),
(22,21,1),
(22,22,1),
(22,18,1),
(22,23,1),
(22,24,1),
-- CsJr The Big Carl
(23,1,2),
(23,3,2),
(23,15,1),
(23,21,1),
(23,24,1),
-- CsJr Moving Mountains Famous Stars
(24,1,2),
(24,12,1),
(24,15,1),
(24,21,1),
(24,22,1),
(24,18,1),
(24,23,1),
(24,24,1),
-- CsJr Bacon & Cheese Crispy Chicken
(25,1,2),
(25,11,1),
(25,15,1),
(25,21,1),
(25,22,1),
(25,25,2),
(25,24,1);
